Data from Verification model
I_yy = 4.5943507864451845e-05
I_zz = 4.753851442684436e-06
J = 0.00017531714118864135
z_sc = -0.08553893540215983

our values
I_yy = 0.00012108381884854861
I_zz = 4.574369497612448e-06
J = -5.537344240881016e-07
z_sc = -0.1284474864387165