I_yy = 4.5943507864451845e-05
I_zz = 4.753851442684436e-06
J = 0.00017531714118864135
z_sc = -0.08553893540215983